<?xml version="1.0" encoding="utf-8"?>
<COLLADA xmlns="http://www.collada.org/2005/11/COLLADASchema" version="1.4.1">
  <asset><contributor><author>Mixamo</author><authoring_tool>COLLADA Mixamo exporter</authoring_tool><comments></comments></contributor><created>2021-07-31T07:43:19Z</created><modified>2021-07-31T07:43:19Z</modified><revision></revision><title></title><unit meter="0.010000"/><up_axis>Y_UP</up_axis></asset>
  <library_animations>
    <animation id="mixamorig_Hips-anim" name="mixamorig_Hips"><source id="mixamorig_Hips-Matrix-animation-input"><float_array id="mixamorig_Hips-Matrix-animation-input-array" count="112">

0.000000 0.033333 0.066667 0.100000 0.133333 0.166667 0.200000 0.233333 0.266667 0.300000 0.333333 0.366667 0.400000 0.433333 0.466667 0.500000
0.533333 0.566667 0.600000 0.633333 0.666667 0.700000 0.733333 0.766667 0.800000 0.833333 0.866667 0.900000 0.933333 0.966667 1.000000 1.033333
1.066667 1.100000 1.133333 1.166667 1.200000 1.233333 1.266667 1.300000 1.333333 1.366667 1.400000 1.433333 1.466667 1.500000 1.533333 1.566667
1.600000 1.633333 1.666667 1.700000 1.733333 1.766667 1.800000 1.833333 1.866667 1.900000 1.933333 1.966667 2.000000 2.033333 2.066667 2.100000
2.133333 2.166667 2.200000 2.233333 2.266667 2.300000 2.333333 2.366667 2.400000 2.433333 2.466667 2.500000 2.533333 2.566667 2.600000 2.633333
2.666667 2.700000 2.733333 2.766667 2.800000 2.833333 2.866667 2.900000 2.933333 2.966667 3.000000 3.033333 3.066667 3.100000 3.133333 3.166667
3.200000 3.233333 3.266667 3.300000 3.333333 3.366667 3.400000 3.433333 3.466667 3.500000 3.533333 3.566667 3.600000 3.633333 3.666667 3.700000</float_array><technique_common><accessor source="#mixamorig_Hips-Matrix-animation-input-array" count="112"><param name="TIME" type="float"/></accessor></technique_common></source><source id="mixamorig_Hips-Matrix-animation-output-transform"><float_array id="mixamorig_Hips-Matrix-animation-output-transform-array" count="1792">

0.997325 0.064817 -0.033802 -1.702236 -0.053103 0.960156 0.274371 99.797424 0.050239 -0.271842 0.961030 -26.964319 0.000000 0.000000 0.000000 1.000000
0.997526 0.062801 -0.031584 -1.557015 -0.051924 0.961133 0.271158 99.875282 0.047385 -0.268847 0.962017 -27.032907 0.000000 0.000000 0.000000 1.000000
0.997698 0.061116 -0.029386 -1.397135 -0.051137 0.962641 0.265908 99.958443 0.044540 -0.263793 0.963550 -27.133730 0.000000 0.000000 0.000000 1.000000
0.997872 0.059593 -0.026468 -1.236654 -0.050722 0.964477 0.259250 100.019341 0.040977 -0.257356 0.965447 -27.258060 0.000000 0.000000 0.000000 1.000000
0.998070 0.057802 -0.022683 -1.099291 -0.050209 0.966199 0.252861 100.028549 0.036532 -0.251234 0.967237 -27.405190 0.000000 0.000000 0.000000 1.000000
0.998264 0.055807 -0.018840 -0.993409 -0.049378 0.967282 0.248852 99.951477 0.032111 -0.247490 0.968358 -27.590321 0.000000 0.000000 0.000000 1.000000
0.998371 0.054523 -0.016814 -0.932894 -0.048610 0.967104 0.249695 99.755608 0.029875 -0.248470 0.968179 -27.804331 0.000000 0.000000 0.000000 1.000000
0.998319 0.055054 -0.018111 -0.972468 -0.048606 0.965520 0.255750 99.465607 0.031567 -0.254440 0.966573 -27.956951 0.000000 0.000000 0.000000 1.000000
0.998087 0.057655 -0.022329 -0.989319 -0.049634 0.962513 0.266655 99.134773 0.036866 -0.265036 0.963533 -28.063726 0.000000 0.000000 0.000000 1.000000
0.997688 0.061702 -0.028488 -1.010374 -0.051259 0.958426 0.280699 98.828506 0.044623 -0.278589 0.959373 -28.082439 0.000000 0.000000 0.000000 1.000000
0.997157 0.066480 -0.035466 -1.058428 -0.052983 0.953314 0.297296 98.602608 0.053575 -0.294572 0.954126 -27.991642 0.000000 0.000000 0.000000 1.000000
0.996622 0.070973 -0.041310 -1.130124 -0.054429 0.947574 0.314866 98.474312 0.061491 -0.311554 0.948237 -27.795784 0.000000 0.000000 0.000000 1.000000
0.996228 0.074458 -0.044572 -1.204192 -0.055564 0.941838 0.331441 98.434334 0.066658 -0.327714 0.942422 -27.511152 0.000000 0.000000 0.000000 1.000000
0.996059 0.076318 -0.045188 -1.259986 -0.056204 0.937262 0.344066 98.468002 0.068611 -0.340171 0.937857 -27.171566 0.000000 0.000000 0.000000 1.000000
0.996061 0.076368 -0.045052 -1.291656 -0.055797 0.934753 0.350890 98.568802 0.068909 -0.346994 0.935332 -26.827829 0.000000 0.000000 0.000000 1.000000
0.996124 0.074312 -0.047067 -1.298164 -0.053239 0.935270 0.349909 98.718575 0.070022 -0.346047 0.935601 -26.553534 0.000000 0.000000 0.000000 1.000000
0.996130 0.070678 -0.052253 -1.284513 -0.048598 0.938223 0.342601 98.900345 0.073239 -0.338736 0.938027 -26.387915 0.000000 0.000000 0.000000 1.000000
0.996029 0.065692 -0.060096 -1.261844 -0.042331 0.943218 0.329465 99.094475 0.078327 -0.325613 0.942253 -26.333305 0.000000 0.000000 0.000000 1.000000
0.995886 0.060080 -0.067830 -1.249553 -0.035929 0.949041 0.313099 99.301971 0.083184 -0.309374 0.947295 -26.344498 0.000000 0.000000 0.000000 1.000000
0.995830 0.054394 -0.073245 -1.260790 -0.030416 0.954842 0.295554 99.522896 0.086014 -0.292093 0.952514 -26.382206 0.000000 0.000000 0.000000 1.000000
0.995959 0.049042 -0.075231 -1.293505 -0.026171 0.959864 0.279241 99.742012 0.085906 -0.276144 0.957269 -26.430109 0.000000 0.000000 0.000000 1.000000
0.996272 0.044092 -0.074155 -1.335800 -0.022876 0.963778 0.265723 99.922302 0.083185 -0.263036 0.961193 -26.504560 0.000000 0.000000 0.000000 1.000000
0.996712 0.039566 -0.070713 -1.378170 -0.020157 0.966316 0.256568 100.016472 0.078482 -0.254299 0.963936 -26.639240 0.000000 0.000000 0.000000 1.000000
0.997170 0.035484 -0.066279 -1.422075 -0.017726 0.967718 0.251411 99.983345 0.073060 -0.249525 0.965608 -26.864393 0.000000 0.000000 0.000000 1.000000
0.997573 0.032222 -0.061729 -1.477705 -0.015786 0.968063 0.250211 99.817841 0.067820 -0.248629 0.966222 -27.163961 0.000000 0.000000 0.000000 1.000000
0.997898 0.029939 -0.057469 -1.562731 -0.014551 0.967748 0.251499 99.568802 0.063145 -0.250134 0.966150 -27.469833 0.000000 0.000000 0.000000 1.000000
0.998175 0.028604 -0.053176 -1.700577 -0.014117 0.966819 0.255072 99.313225 0.058707 -0.253856 0.965459 -27.687635 0.000000 0.000000 0.000000 1.000000
0.998461 0.028482 -0.047580 -1.876416 -0.015065 0.965068 0.261568 99.162552 0.053368 -0.260449 0.964012 -27.734592 0.000000 0.000000 0.000000 1.000000
0.998768 0.029415 -0.039958 -2.058111 -0.017471 0.962241 0.271638 99.152496 0.046439 -0.270606 0.961570 -27.594791 0.000000 0.000000 0.000000 1.000000
0.999053 0.030796 -0.030743 -2.209043 -0.020784 0.958407 0.284649 99.249580 0.038230 -0.283740 0.958139 -27.331612 0.000000 0.000000 0.000000 1.000000
0.999263 0.031568 -0.021854 -2.312307 -0.023658 0.954550 0.297110 99.400871 0.030240 -0.296374 0.954593 -27.058498 0.000000 0.000000 0.000000 1.000000
0.999411 0.030632 -0.015488 -2.358795 -0.024495 0.952560 0.303362 99.564339 0.024046 -0.302804 0.952749 -26.885035 0.000000 0.000000 0.000000 1.000000
0.999536 0.028052 -0.011851 -2.336880 -0.023197 0.953502 0.300491 99.720001 0.019730 -0.300077 0.953711 -26.855640 0.000000 0.000000 0.000000 1.000000
0.999654 0.024020 -0.010689 -2.243353 -0.019945 0.957745 0.286925 99.846626 0.017129 -0.286613 0.957893 -26.962334 0.000000 0.000000 0.000000 1.000000
0.999750 0.019188 -0.011456 -2.101281 -0.015451 0.963842 0.266026 99.933189 0.016147 -0.265783 0.963898 -27.147636 0.000000 0.000000 0.000000 1.000000
0.999798 0.014111 -0.014323 -1.947105 -0.010220 0.970131 0.242368 99.977829 0.017315 -0.242173 0.970079 -27.361212 0.000000 0.000000 0.000000 1.000000
0.999764 0.009179 -0.019698 -1.813422 -0.004595 0.975216 0.221208 99.998138 0.021240 -0.221065 0.975028 -27.576860 0.000000 0.000000 0.000000 1.000000
0.999631 0.004719 -0.026743 -1.696750 0.000872 0.978699 0.205299 100.005547 0.027142 -0.205247 0.978334 -27.804047 0.000000 0.000000 0.000000 1.000000
0.999416 0.001325 -0.034142 -1.575971 0.005434 0.980371 0.197087 99.999535 0.033733 -0.197157 0.979791 -28.045441 0.000000 0.000000 0.000000 1.000000
0.999188 -0.000832 -0.040293 -1.437848 0.008672 0.980808 0.194782 99.958084 0.039357 -0.194973 0.980019 -28.291395 0.000000 0.000000 0.000000 1.000000
0.999041 -0.001277 -0.043768 -1.291805 0.009918 0.980199 0.197768 99.868256 0.042649 -0.198012 0.979271 -28.498619 0.000000 0.000000 0.000000 1.000000
0.999036 0.000104 -0.043890 -1.157318 0.008884 0.978820 0.204530 99.730431 0.042981 -0.204723 0.977876 -28.627773 0.000000 0.000000 0.000000 1.000000
0.999177 0.003293 -0.040423 -1.043826 0.005467 0.976665 0.214698 99.563179 0.040186 -0.214743 0.975844 -28.663256 0.000000 0.000000 0.000000 1.000000
0.999391 0.007925 -0.033987 -0.941193 0.000034 0.973652 0.228040 99.403748 0.034899 -0.227902 0.973058 -28.614628 0.000000 0.000000 0.000000 1.000000
0.999565 0.013247 -0.026358 -0.823074 -0.006446 0.969990 0.243061 99.299767 0.028787 -0.242786 0.969653 -28.498377 0.000000 0.000000 0.000000 1.000000
0.999632 0.018516 -0.019803 -0.661543 -0.012810 0.966353 0.256900 99.299057 0.023893 -0.256552 0.966235 -28.325787 0.000000 0.000000 0.000000 1.000000
0.999612 0.022961 -0.015760 -0.446621 -0.017929 0.963610 0.266709 99.420929 0.021310 -0.266323 0.963648 -28.117004 0.000000 0.000000 0.000000 1.000000
0.999554 0.025671 -0.015257 -0.191576 -0.020605 0.962687 0.269830 99.640320 0.021614 -0.269396 0.962787 -27.924074 0.000000 0.000000 0.000000 1.000000
0.999495 0.026412 -0.017640 0.080188 -0.020759 0.963597 0.266551 99.903824 0.024038 -0.266051 0.963659 -27.809734 0.000000 0.000000 0.000000 1.000000
0.999430 0.025494 -0.022115 0.354592 -0.018943 0.966066 0.257600 100.156654 0.027932 -0.257034 0.965999 -27.811863 0.000000 0.000000 0.000000 1.000000
0.999335 0.023900 -0.027522 0.626422 -0.016458 0.969543 0.244367 100.352585 0.032524 -0.243752 0.969292 -27.918390 0.000000 0.000000 0.000000 1.000000
0.999203 0.022567 -0.032910 0.899048 -0.014457 0.973425 0.228548 100.475861 0.037194 -0.227890 0.972976 -28.087530 0.000000 0.000000 0.000000 1.000000
0.999036 0.022064 -0.037959 1.167297 -0.013523 0.977164 0.212054 100.513802 0.041771 -0.211337 0.976520 -28.294493 0.000000 0.000000 0.000000 1.000000
0.998816 0.022290 -0.043237 1.420532 -0.013338 0.980264 0.197241 100.465431 0.046780 -0.196431 0.979401 -28.544172 0.000000 0.000000 0.000000 1.000000
0.998495 0.023179 -0.049698 1.636302 -0.013506 0.982307 0.186789 100.339050 0.053149 -0.185837 0.981142 -28.833654 0.000000 0.000000 0.000000 1.000000
0.998047 0.024537 -0.057440 1.783649 -0.013719 0.983266 0.181656 100.158447 0.060937 -0.180513 0.981683 -29.113958 0.000000 0.000000 0.000000 1.000000
0.997485 0.026837 -0.065599 1.845157 -0.014441 0.983082 0.182596 99.959290 0.069390 -0.181189 0.980997 -29.290455 0.000000 0.000000 0.000000 1.000000
0.996883 0.031568 -0.072304 1.853483 -0.017314 0.981654 0.189886 99.819481 0.076972 -0.188042 0.979140 -29.262703 0.000000 0.000000 0.000000 1.000000
0.996301 0.039011 -0.076567 1.830242 -0.022687 0.978814 0.203489 99.808670 0.082883 -0.200999 0.976079 -28.991262 0.000000 0.000000 0.000000 1.000000
0.995744 0.048969 -0.078076 1.789279 -0.030394 0.974249 0.223415 99.903519 0.087006 -0.220091 0.971591 -28.515989 0.000000 0.000000 0.000000 1.000000
0.995158 0.059785 -0.078017 1.734640 -0.038869 0.968411 0.246310 100.024658 0.090278 -0.242085 0.966046 -27.958851 0.000000 0.000000 0.000000 1.000000
0.994558 0.069594 -0.077535 1.670169 -0.046465 0.962359 0.267782 100.098061 0.093252 -0.262722 0.960355 -27.458130 0.000000 0.000000 0.000000 1.000000
0.993985 0.077200 -0.077682 1.604673 -0.052225 0.957581 0.283391 100.083549 0.096265 -0.277630 0.955853 -27.109003 0.000000 0.000000 0.000000 1.000000
0.993461 0.082279 -0.079151 1.552011 -0.056073 0.955533 0.289504 99.977303 0.099451 -0.283172 0.953899 -26.931675 0.000000 0.000000 0.000000 1.000000
0.992933 0.085615 -0.082184 1.518975 -0.058895 0.956695 0.285073 99.833633 0.103031 -0.278218 0.954976 -26.867004 0.000000 0.000000 0.000000 1.000000
0.992350 0.087889 -0.086700 1.495593 -0.061316 0.960408 0.271766 99.749008 0.107153 -0.264370 0.958450 -26.830511 0.000000 0.000000 0.000000 1.000000
0.991698 0.089476 -0.092348 1.468375 -0.063506 0.965298 0.253312 99.806702 0.111809 -0.245344 0.962967 -26.771173 0.000000 0.000000 0.000000 1.000000
0.991005 0.090915 -0.098203 1.447472 -0.065683 0.969780 0.234975 100.005600 0.116598 -0.226411 0.967028 -26.708155 0.000000 0.000000 0.000000 1.000000
0.990308 0.092764 -0.103371 1.460206 -0.068092 0.972943 0.220782 100.271233 0.121055 -0.211603 0.969830 -26.704056 0.000000 0.000000 0.000000 1.000000
0.989606 0.095156 -0.107818 1.523998 -0.070793 0.974982 0.210711 100.503822 0.125171 -0.200888 0.971584 -26.811869 0.000000 0.000000 0.000000 1.000000
0.988835 0.097962 -0.112291 1.635388 -0.073571 0.976244 0.203802 100.634003 0.129588 -0.193265 0.972551 -27.028158 0.000000 0.000000 0.000000 1.000000
0.987853 0.100888 -0.118189 1.781212 -0.076004 0.977088 0.198802 100.629578 0.135538 -0.187405 0.972887 -27.301256 0.000000 0.000000 0.000000 1.000000
0.986531 0.103900 -0.126336 1.938605 -0.077821 0.977473 0.196192 100.485840 0.143875 -0.183718 0.972393 -27.554335 0.000000 0.000000 0.000000 1.000000
0.984856 0.106976 -0.136433 2.067913 -0.078692 0.977032 0.198032 100.261902 0.154484 -0.184297 0.970654 -27.695517 0.000000 0.000000 0.000000 1.000000
0.983041 0.110375 -0.146448 2.134768 -0.078930 0.975493 0.205388 100.069252 0.165529 -0.190346 0.967661 -27.664021 0.000000 0.000000 0.000000 1.000000
0.981519 0.115115 -0.152866 2.131591 -0.079731 0.972196 0.220176 100.014183 0.173961 -0.203919 0.963408 -27.442726 0.000000 0.000000 0.000000 1.000000
0.980627 0.121340 -0.153776 2.088090 -0.082053 0.967296 0.240013 100.098129 0.177870 -0.222745 0.958513 -27.108580 0.000000 0.000000 0.000000 1.000000
0.980687 0.128089 -0.147802 2.055356 -0.086115 0.961300 0.261700 100.239883 0.175603 -0.243918 0.953765 -26.779930 0.000000 0.000000 0.000000 1.000000
0.981616 0.132541 -0.137340 2.067218 -0.090041 0.956039 0.279074 100.315697 0.168291 -0.261578 0.950397 -26.580597 0.000000 0.000000 0.000000 1.000000
0.983155 0.132360 -0.126044 2.117756 -0.091644 0.953654 0.286610 100.271713 0.158138 -0.270231 0.949720 -26.558828 0.000000 0.000000 0.000000 1.000000
0.984815 0.127052 -0.118312 2.171152 -0.089603 0.955681 0.280437 100.152115 0.148699 -0.265577 0.952553 -26.679249 0.000000 0.000000 0.000000 1.000000
0.986137 0.118991 -0.115653 2.191837 -0.085124 0.961045 0.262958 100.070992 0.142438 -0.249468 0.957850 -26.850309 0.000000 0.000000 0.000000 1.000000
0.986797 0.110876 -0.118060 2.169512 -0.080214 0.967830 0.238477 100.100586 0.140703 -0.225858 0.963945 -27.009628 0.000000 0.000000 0.000000 1.000000
0.986987 0.104739 -0.122011 2.138967 -0.076779 0.973651 0.214728 100.235420 0.141287 -0.202566 0.969023 -27.149334 0.000000 0.000000 0.000000 1.000000
0.986977 0.101662 -0.124665 2.143495 -0.075711 0.977353 0.197608 100.408508 0.141931 -0.185596 0.972322 -27.311312 0.000000 0.000000 0.000000 1.000000
0.986997 0.100996 -0.125043 2.196965 -0.076278 0.979069 0.188695 100.544907 0.141483 -0.176703 0.974042 -27.531994 0.000000 0.000000 0.000000 1.000000
0.986952 0.102027 -0.124565 2.263618 -0.077647 0.979305 0.186902 100.608833 0.141057 -0.174791 0.974449 -27.787016 0.000000 0.000000 0.000000 1.000000
0.986527 0.104192 -0.126131 2.285026 -0.079119 0.978665 0.189616 100.590843 0.143196 -0.177082 0.973723 -28.010624 0.000000 0.000000 0.000000 1.000000
0.985549 0.107282 -0.131087 2.225183 -0.080418 0.977435 0.195328 100.492035 0.149084 -0.181963 0.971938 -28.146387 0.000000 0.000000 0.000000 1.000000
0.983998 0.111319 -0.139124 2.078202 -0.081371 0.975388 0.204930 100.323303 0.158512 -0.190330 0.968839 -28.158724 0.000000 0.000000 0.000000 1.000000
0.982282 0.115939 -0.147244 1.874207 -0.082010 0.972374 0.218548 100.120079 0.168514 -0.202600 0.964653 -28.047258 0.000000 0.000000 0.000000 1.000000
0.980994 0.120621 -0.151992 1.654392 -0.082429 0.968171 0.236326 99.935387 0.175660 -0.219306 0.959713 -27.830187 0.000000 0.000000 0.000000 1.000000
0.980580 0.124282 -0.151715 1.448413 -0.082534 0.963245 0.255633 99.790741 0.177909 -0.238147 0.954796 -27.558285 0.000000 0.000000 0.000000 1.000000
0.981220 0.125521 -0.146464 1.271852 -0.081861 0.958516 0.273032 99.689110 0.174660 -0.255914 0.950790 -27.290623 0.000000 0.000000 0.000000 1.000000
0.982658 0.123194 -0.138587 1.122724 -0.079752 0.955529 0.283909 99.624069 0.167400 -0.267933 0.948783 -27.084887 0.000000 0.000000 0.000000 1.000000
0.984476 0.117363 -0.130507 0.981886 -0.076056 0.955378 0.285428 99.609062 0.158182 -0.271071 0.949473 -26.964453 0.000000 0.000000 0.000000 1.000000
0.986355 0.108738 -0.123609 0.827119 -0.071172 0.958685 0.275424 99.671318 0.148451 -0.262869 0.953343 -26.932858 0.000000 0.000000 0.000000 1.000000
0.988104 0.099340 -0.117393 0.651911 -0.066310 0.963974 0.257597 99.835159 0.138753 -0.246748 0.959095 -26.972303 0.000000 0.000000 0.000000 1.000000
0.989674 0.091064 -0.110690 0.479463 -0.062882 0.969806 0.235632 100.076973 0.128806 -0.226238 0.965518 -27.090454 0.000000 0.000000 0.000000 1.000000
0.991093 0.084910 -0.102591 0.342649 -0.061340 0.974849 0.214261 100.329193 0.118203 -0.206060 0.971374 -27.297031 0.000000 0.000000 0.000000 1.000000
0.992357 0.080962 -0.093123 0.243939 -0.061485 0.978731 0.195716 100.505424 0.106988 -0.188494 0.976229 -27.581549 0.000000 0.000000 0.000000 1.000000
0.993406 0.078101 -0.083930 0.145962 -0.061906 0.981590 0.180691 100.565636 0.096497 -0.174304 0.979952 -27.889715 0.000000 0.000000 0.000000 1.000000
0.994149 0.075417 -0.077337 -0.000334 -0.061404 0.983563 0.169806 100.527298 0.088872 -0.164063 0.982438 -28.154173 0.000000 0.000000 0.000000 1.000000
0.994429 0.072750 -0.076274 -0.231519 -0.059330 0.984435 0.165434 100.444733 0.087123 -0.159987 0.983267 -28.318415 0.000000 0.000000 0.000000 1.000000
0.994232 0.070602 -0.080739 -0.543940 -0.056194 0.984089 0.168553 100.360519 0.091354 -0.163044 0.982380 -28.368155 0.000000 0.000000 0.000000 1.000000
0.993545 0.070030 -0.089241 -0.904237 -0.052949 0.982032 0.181133 100.295418 0.100322 -0.175239 0.979401 -28.298237 0.000000 0.000000 0.000000 1.000000
0.993050 0.071076 -0.093810 -1.239263 -0.050805 0.977846 0.203068 100.184998 0.106165 -0.196891 0.974661 -28.076681 0.000000 0.000000 0.000000 1.000000
0.993203 0.072736 -0.090875 -1.487204 -0.050403 0.972475 0.227490 100.081139 0.104920 -0.221364 0.969531 -27.780672 0.000000 0.000000 0.000000 1.000000
0.994069 0.073281 -0.080351 -1.651767 -0.051228 0.967299 0.248410 99.987556 0.095927 -0.242820 0.965317 -27.479822 0.000000 0.000000 0.000000 1.000000
0.995313 0.071883 -0.064694 -1.742197 -0.052449 0.963263 0.263387 99.902390 0.081251 -0.258760 0.962518 -27.222731 0.000000 0.000000 0.000000 1.000000
0.996470 0.068768 -0.048146 -1.758393 -0.053193 0.960941 0.271594 99.834366 0.064942 -0.268074 0.961207 -27.047579 0.000000 0.000000 0.000000 1.000000
0.997324 0.064818 -0.033801 -1.702225 -0.053103 0.960156 0.274372 99.797409 0.050239 -0.271842 0.961030 -26.964317 0.000000 0.000000 0.000000 1.000000</float_array><technique_common><accessor source="#mixamorig_Hips-Matrix-animation-output-transform-array" count="112" stride="16"><param type="float4x4"/></accessor></technique_common></source><source id="mixamorig_Hips-Interpolations"><Name_array id="mixamorig_Hips-Interpolations-array" count="112">
 LINEAR LINEAR LINEAR LINEAR LINEAR LINEAR LINEAR LINEAR LINEAR LINEAR LINEAR
LINEAR LINEAR LINEAR LINEAR LINEAR LINEAR LINEAR LINEAR LINEAR LINEAR LINEAR LINEAR
LINEAR LINEAR LINEAR LINEAR LINEAR LINEAR LINEAR LINEAR LINEAR LINEAR LINEAR LINEAR
LINEAR LINEAR LINEAR LINEAR LINEAR LINEAR LINEAR LINEAR LINEAR LINEAR LINEAR LINEAR
LINEAR LINEAR LINEAR LINEAR LINEAR LINEAR LINEAR LINEAR LINEAR LINEAR LINEAR LINEAR
LINEAR LINEAR LINEAR LINEAR LINEAR LINEAR LINEAR LINEAR LINEAR LINEAR LINEAR LINEAR
LINEAR LINEAR LINEAR LINEAR LINEAR LINEAR LINEAR LINEAR LINEAR LINEAR LINEAR LINEAR
LINEAR LINEAR LINEAR LINEAR LINEAR LINEAR LINEAR LINEAR LINEAR LINEAR LINEAR LINEAR
LINEAR LINEAR LINEAR LINEAR LINEAR LINEAR LINEAR LINEAR LINEAR LINEAR LINEAR LINEAR
LINEAR LINEAR LINEAR LINEAR LINEAR</Name_array><technique_common><accessor source="#mixamorig_Hips-Interpolations-array" count="112"><param type="name"/></accessor></technique_common></source><sampler id="mixamorig_Hips-Matrix-animation-transform"><input semantic="INPUT" source="#mixamorig_Hips-Matrix-animation-input"/><input semantic="OUTPUT" source="#mixamorig_Hips-Matrix-animation-output-transform"/><input semantic="INTERPOLATION" source="#mixamorig_Hips-Interpolations"/></sampler><channel source="#mixamorig_Hips-Matrix-animation-transform" target="mixamorig_Hips/matrix"/></animation>
    <animation id="mixamorig_Spine-anim" name="mixamorig_Spine"><source id="mixamorig_Spine-Matrix-animation-input"><float_array id="mixamorig_Spine-Matrix-animation-input-array" count="112">

0.000000 0.033333 0.066667 0.100000 0.133333 0.166667 0.200000 0.233333 0.266667 0.300000 0.333333 0.366667 0.400000 0.433333 0.466667 0.500000
0.533333 0.566667 0.600000 0.633333 0.666667 0.700000 0.733333 0.766667 0.800000 0.833333 0.866667 0.900000 0.933333 0.966667 1.000000 1.033333
1.066667 1.100000 1.133333 1.166667 1.200000 1.233333 1.266667 1.300000 1.333333 1.366667 1.400000 1.433333 1.466667 1.500000 1.533333 1.566667
1.600000 1.633333 1.666667 1.700000 1.733333 1.766667 1.800000 1.833333 1.866667 1.900000 1.933333 1.966667 2.000000 2.033333 2.066667 2.100000
2.133333 2.166667 2.200000 2.233333 2.266667 2.300000 2.333333 2.366667 2.400000 2.433333 2.466667 2.500000 2.533333 2.566667 2.600000 2.633333
2.666667 2.700000 2.733333 2.766667 2.800000 2.833333 2.866667 2.900000 2.933333 2.966667 3.000000 3.033333 3.066667 3.100000 3.133333 3.166667
3.200000 3.233333 3.266667 3.300000 3.333333 3.366667 3.400000 3.433333 3.466667 3.500000 3.533333 3.566667 3.600000 3.633333 3.666667 3.700000</float_array><technique_common><accessor source="#mixamorig_Spine-Matrix-animation-input-array" count="112"><param name="TIME" type="float"/></accessor></technique_common></source><source id="mixamorig_Spine-Matrix-animation-output-transform"><float_array id="mixamorig_Spine-Matrix-animation-output-transform-array" count="1792">

0.999686 0.024498 -0.005245 -0.000000 -0.024532 0.999678 -0.006538 10.181600 0.005084 0.006664 0.999965 0.131500 0.000000 0.000000 0.000000 1.000000
0.999705 0.023837 -0.004679 0.000000 -0.023862 0.999702 -0.005216 10.181600 0.004553 0.005326 0.999975 0.131500 0.000000 0.000000 0.000000 1.000000
0.999713 0.023648 -0.003702 0.000000 -0.023663 0.999712 -0.004098 10.181600 0.003604 0.004184 0.999985 0.131500 0.000000 0.000000 0.000000 1.000000
0.999709 0.023989 -0.002447 0.000000 -0.023997 0.999707 -0.003291 10.181600 0.002368 0.003349 0.999992 0.131500 0.000000 0.000000 0.000000 1.000000
0.999695 0.024676 -0.001221 0.000000 -0.024680 0.999691 -0.002908 10.181600 0.001148 0.002938 0.999995 0.131500 0.000000 0.000000 0.000000 1.000000
0.999680 0.025301 -0.000272 -0.000000 -0.025302 0.999675 -0.003070 10.181600 0.000194 0.003076 0.999995 0.131500 0.000000 0.000000 0.000000 1.000000
0.999679 0.025334 0.000285 -0.000000 -0.025333 0.999671 -0.004107 10.181600 -0.000389 0.004099 0.999992 0.131500 0.000000 0.000000 0.000000 1.000000
0.999695 0.024688 0.000543 0.000000 -0.024685 0.999676 -0.006163 10.181600 -0.000695 0.006148 0.999981 0.131500 0.000000 0.000000 0.000000 1.000000
0.999726 0.023343 0.001678 -0.000000 -0.023328 0.999691 -0.008627 10.181600 -0.001879 0.008585 0.999961 0.131500 0.000000 0.000000 0.000000 1.000000
0.999757 0.021745 0.003497 0.000000 -0.021705 0.999704 -0.010967 10.181600 -0.003735 0.010888 0.999934 0.131500 0.000000 0.000000 0.000000 1.000000
0.999782 0.020161 0.005382 0.000000 -0.020093 0.999721 -0.012390 10.181600 -0.005630 0.012279 0.999909 0.131500 0.000000 0.000000 0.000000 1.000000
0.999803 0.018772 0.006389 0.000000 -0.018693 0.999750 -0.012232 10.181600 -0.006617 0.012110 0.999905 0.131500 0.000000 0.000000 0.000000 1.000000
0.999825 0.017713 0.005969 0.000000 -0.017652 0.999793 -0.010129 10.181600 -0.006147 0.010022 0.999931 0.131500 0.000000 0.000000 0.000000 1.000000
0.999843 0.017169 0.004341 -0.000000 -0.017141 0.999833 -0.006408 10.181600 -0.004450 0.006332 0.999970 0.131500 0.000000 0.000000 0.000000 1.000000
0.999849 0.017197 0.002380 0.000000 -0.017193 0.999850 -0.002037 10.181600 -0.002415 0.001996 0.999995 0.131500 0.000000 0.000000 0.000000 1.000000
0.999842 0.017747 0.001106 0.000000 -0.017748 0.999841 0.001787 10.181600 -0.001074 -0.001806 0.999998 0.131500 0.000000 0.000000 0.000000 1.000000
0.999830 0.018397 0.000802 0.000000 -0.018401 0.999821 0.004417 10.181600 -0.000721 -0.004431 0.999990 0.131500 0.000000 0.000000 0.000000 1.000000
0.999824 0.018701 0.001256 -0.000000 -0.018707 0.999809 0.005610 10.181600 -0.001151 -0.005632 0.999983 0.131500 0.000000 0.000000 0.000000 1.000000
0.999828 0.018481 0.001616 0.000000 -0.018491 0.999811 0.006085 10.181600 -0.001503 -0.006114 0.999980 0.131500 0.000000 0.000000 0.000000 1.000000
0.999839 0.017885 0.001283 0.000000 -0.017893 0.999819 0.006522 10.181600 -0.001166 -0.006544 0.999978 0.131500 0.000000 0.000000 0.000000 1.000000
0.999850 0.017333 0.000199 0.000000 -0.017334 0.999823 0.007312 10.181600 -0.000072 -0.007315 0.999973 0.131500 0.000000 0.000000 0.000000 1.000000
0.999854 0.017034 -0.001145 0.000000 -0.017024 0.999822 0.008184 10.181600 0.001284 -0.008163 0.999966 0.131500 0.000000 0.000000 0.000000 1.000000
0.999858 0.016733 -0.002074 -0.000000 -0.016716 0.999826 0.008267 10.181600 0.002212 -0.008231 0.999964 0.131500 0.000000 0.000000 0.000000 1.000000
0.999872 0.015808 -0.002395 -0.000000 -0.015791 0.999851 0.006923 10.181600 0.002505 -0.006885 0.999973 0.131500 0.000000 0.000000 0.000000 1.000000
0.999908 0.013381 -0.002387 0.000000 -0.013372 0.999904 0.003577 10.181600 0.002435 -0.003545 0.999991 0.131500 0.000000 0.000000 0.000000 1.000000
0.999952 0.009411 -0.002823 0.000000 -0.009414 0.999955 -0.001050 10.181600 0.002813 0.001076 0.999995 0.131500 0.000000 0.000000 0.000000 1.000000
0.999981 0.004299 -0.004323 0.000000 -0.004324 0.999973 -0.005902 10.181600 0.004298 0.005921 0.999973 0.131500 0.000000 0.000000 0.000000 1.000000
0.999977 -0.000736 -0.006808 0.000000 0.000671 0.999955 -0.009460 10.181600 0.006815 0.009455 0.999932 0.131500 0.000000 0.000000 0.000000 1.000000
0.999944 -0.004565 -0.009512 0.000000 0.004463 0.999932 -0.010764 10.181600 0.009560 0.010721 0.999897 0.131500 0.000000 0.000000 0.000000 1.000000
0.999918 -0.006243 -0.011190 0.000000 0.006139 0.999938 -0.009308 10.181600 0.011248 0.009238 0.999894 0.131500 0.000000 0.000000 0.000000 1.000000
0.999918 -0.006069 -0.011242 0.000000 0.006001 0.999964 -0.005988 10.181600 0.011278 0.005920 0.999919 0.131500 0.000000 0.000000 0.000000 1.000000
0.999946 -0.004558 -0.009393 -0.000000 0.004541 0.999988 -0.001759 10.181600 0.009400 0.001717 0.999954 0.131500 0.000000 0.000000 0.000000 1.000000
0.999973 -0.002970 -0.006696 0.000000 0.002985 0.999993 0.002142 10.181600 0.006690 -0.002162 0.999975 0.131500 0.000000 0.000000 0.000000 1.000000
0.999990 -0.002087 -0.004060 0.000000 0.002108 0.999985 0.005020 10.181600 0.004050 -0.005028 0.999979 0.131500 0.000000 0.000000 0.000000 1.000000
0.999995 -0.002130 -0.002114 -0.000000 0.002145 0.999975 0.006756 10.181600 0.002100 -0.006761 0.999975 0.131500 0.000000 0.000000 0.000000 1.000000
0.999995 -0.002933 -0.000843 -0.000000 0.002939 0.999968 0.007505 10.181600 0.000821 -0.007508 0.999971 0.131500 0.000000 0.000000 0.000000 1.000000
0.999992 -0.003999 0.000250 0.000000 0.003997 0.999965 0.007364 10.181600 -0.000280 -0.007363 0.999973 0.131500 0.000000 0.000000 0.000000 1.000000
0.999986 -0.004977 0.001593 0.000000 0.004966 0.999967 0.006448 10.181600 -0.001625 -0.006440 0.999978 0.131500 0.000000 0.000000 0.000000 1.000000
0.999978 -0.005714 0.003320 0.000000 0.005699 0.999973 0.004566 10.181600 -0.003346 -0.004547 0.999984 0.131500 0.000000 0.000000 0.000000 1.000000
0.999967 -0.006313 0.005026 -0.000000 0.006303 0.999978 0.001938 10.181600 -0.005038 -0.001907 0.999985 0.131500 0.000000 0.000000 0.000000 1.000000
0.999958 -0.006878 0.006137 0.000000 0.006886 0.999976 -0.001256 10.181600 -0.006128 0.001299 0.999980 0.131500 0.000000 0.000000 0.000000 1.000000
0.999953 -0.007496 0.006202 0.000000 0.007524 0.999962 -0.004499 10.181600 -0.006168 0.004546 0.999971 0.131500 0.000000 0.000000 0.000000 1.000000
0.999954 -0.008151 0.005099 -0.000000 0.008187 0.999940 -0.007226 10.181600 -0.005040 0.007267 0.999961 0.131500 0.000000 0.000000 0.000000 1.000000
0.999958 -0.008649 0.003133 -0.000000 0.008676 0.999924 -0.008727 10.181600 -0.003057 0.008753 0.999957 0.131500 0.000000 0.000000 0.000000 1.000000
0.999961 -0.008736 0.000956 -0.000000 0.008744 0.999924 -0.008692 10.181600 -0.000880 0.008700 0.999962 0.131500 0.000000 0.000000 0.000000 1.000000
0.999967 -0.008050 -0.000723 0.000000 0.008045 0.999945 -0.006799 10.181600 0.000778 0.006793 0.999977 0.131500 0.000000 0.000000 0.000000 1.000000
0.999976 -0.006756 -0.001674 0.000000 0.006750 0.999970 -0.003811 10.181600 0.001699 0.003799 0.999991 0.131500 0.000000 0.000000 0.000000 1.000000
0.999984 -0.005284 -0.001928 -0.000000 0.005283 0.999986 -0.000570 10.181600 0.001931 0.000559 0.999998 0.131500 0.000000 0.000000 0.000000 1.000000
0.999988 -0.004450 -0.001956 0.000000 0.004454 0.999988 0.001878 10.181600 0.001948 -0.001886 0.999996 0.131500 0.000000 0.000000 0.000000 1.000000
0.999986 -0.004866 -0.002057 0.000000 0.004872 0.999984 0.002972 10.181600 0.002043 -0.002982 0.999993 0.131500 0.000000 0.000000 0.000000 1.000000
0.999976 -0.006569 -0.002206 0.000000 0.006576 0.999975 0.002777 10.181600 0.002187 -0.002791 0.999994 0.131500 0.000000 0.000000 0.000000 1.000000
0.999959 -0.008850 -0.002109 0.000000 0.008854 0.999959 0.001845 10.181600 0.002093 -0.001864 0.999996 0.131500 0.000000 0.000000 0.000000 1.000000
0.999943 -0.010620 -0.001400 0.000000 0.010621 0.999943 0.000556 10.181600 0.001394 -0.000571 0.999999 0.131500 0.000000 0.000000 0.000000 1.000000
0.999937 -0.011204 -0.000211 0.000000 0.011204 0.999937 -0.001038 10.181600 0.000222 0.001036 0.999999 0.131500 0.000000 0.000000 0.000000 1.000000
0.999948 -0.010184 0.001077 0.000000 0.010188 0.999942 -0.003355 10.181600 -0.001043 0.003365 0.999994 0.131500 0.000000 0.000000 0.000000 1.000000
0.999967 -0.007931 0.001932 0.000000 0.007943 0.999947 -0.006544 10.181600 -0.001880 0.006559 0.999977 0.131500 0.000000 0.000000 0.000000 1.000000
0.999987 -0.004757 0.002057 0.000000 0.004778 0.999935 -0.010327 10.181600 -0.002007 0.010336 0.999945 0.131500 0.000000 0.000000 0.000000 1.000000
0.999998 -0.000953 0.001547 0.000000 0.000974 0.999906 -0.013676 10.181600 -0.001534 0.013677 0.999905 0.131500 0.000000 0.000000 0.000000 1.000000
0.999994 0.003413 0.000755 -0.000000 -0.003401 0.999873 -0.015570 10.181600 -0.000808 0.015567 0.999878 0.131500 0.000000 0.000000 0.000000 1.000000
0.999966 0.008265 -0.000003 0.000000 -0.008264 0.999852 -0.015103 10.181600 -0.000121 0.015103 0.999886 0.131500 0.000000 0.000000 0.000000 1.000000
0.999914 0.013114 -0.000651 0.000000 -0.013121 0.999832 -0.012813 10.181600 0.000483 0.012821 0.999918 0.131500 0.000000 0.000000 0.000000 1.000000
0.999852 0.017146 -0.001255 0.000000 -0.017157 0.999808 -0.009517 10.181600 0.001091 0.009537 0.999954 0.131500 0.000000 0.000000 0.000000 1.000000
0.999801 0.019846 -0.001908 -0.000000 -0.019858 0.999781 -0.006534 10.181600 0.001778 0.006571 0.999977 0.131500 0.000000 0.000000 0.000000 1.000000
0.999774 0.021082 -0.002602 -0.000000 -0.021094 0.999767 -0.004595 10.181600 0.002504 0.004649 0.999986 0.131500 0.000000 0.000000 0.000000 1.000000
0.999762 0.021561 -0.003276 -0.000000 -0.021573 0.999761 -0.003649 10.181600 0.003196 0.003719 0.999988 0.131500 0.000000 0.000000 0.000000 1.000000
0.999745 0.022219 -0.003921 0.000000 -0.022231 0.999748 -0.003128 10.181600 0.003850 0.003214 0.999987 0.131500 0.000000 0.000000 0.000000 1.000000
0.999703 0.023940 -0.004610 0.000000 -0.023951 0.999710 -0.002389 10.181600 0.004552 0.002499 0.999987 0.131500 0.000000 0.000000 0.000000 1.000000
0.999630 0.026648 -0.005449 0.000000 -0.026656 0.999644 -0.001296 10.181600 0.005413 0.001441 0.999984 0.131500 0.000000 0.000000 0.000000 1.000000
0.999533 0.029858 -0.006491 -0.000000 -0.029860 0.999554 -0.000279 10.181600 0.006480 0.000473 0.999979 0.131500 0.000000 0.000000 0.000000 1.000000
0.999438 0.032641 -0.007571 0.000000 -0.032643 0.999467 -0.000126 10.181600 0.007563 0.000373 0.999971 0.131500 0.000000 0.000000 0.000000 1.000000
0.999372 0.034430 -0.008417 0.000000 -0.034445 0.999405 -0.001655 10.181600 0.008355 0.001944 0.999963 0.131500 0.000000 0.000000 0.000000 1.000000
0.999338 0.035317 -0.008755 0.000000 -0.035362 0.999362 -0.004992 10.181600 0.008573 0.005299 0.999949 0.131500 0.000000 0.000000 0.000000 1.000000
0.999326 0.035712 -0.008478 0.000000 -0.035792 0.999313 -0.009575 10.181600 0.008130 0.009872 0.999918 0.131500 0.000000 0.000000 0.000000 1.000000
0.999317 0.036154 -0.007636 0.000000 -0.036259 0.999243 -0.014127 10.181600 0.007119 0.014395 0.999871 0.131500 0.000000 0.000000 0.000000 1.000000
0.999298 0.036904 -0.006523 0.000000 -0.037013 0.999163 -0.017411 10.181600 0.005876 0.017640 0.999827 0.131500 0.000000 0.000000 0.000000 1.000000
0.999265 0.037921 -0.005527 -0.000000 -0.038016 0.999113 -0.018123 10.181600 0.004835 0.018320 0.999820 0.131500 0.000000 0.000000 0.000000 1.000000
0.999228 0.038973 -0.004974 0.000000 -0.039051 0.999098 -0.016678 10.181600 0.004320 0.016859 0.999849 0.131500 0.000000 0.000000 0.000000 1.000000
0.999197 0.039737 -0.005186 -0.000000 -0.039805 0.999114 -0.013677 10.181600 0.004637 0.013872 0.999893 0.131500 0.000000 0.000000 0.000000 1.000000
0.999170 0.040272 -0.006081 0.000000 -0.040334 0.999131 -0.010470 10.181600 0.005654 0.010707 0.999927 0.131500 0.000000 0.000000 0.000000 1.000000
0.999139 0.040824 -0.007370 0.000000 -0.040882 0.999133 -0.007886 10.181600 0.007041 0.008180 0.999942 0.131500 0.000000 0.000000 0.000000 1.000000
0.999092 0.041731 -0.008591 0.000000 -0.041784 0.999108 -0.006149 10.181600 0.008327 0.006502 0.999944 0.131500 0.000000 0.000000 0.000000 1.000000
0.999030 0.043012 -0.009475 -0.000000 -0.043059 0.999061 -0.004829 10.181600 0.009258 0.005232 0.999943 0.131500 0.000000 0.000000 0.000000 1.000000
0.998951 0.044734 -0.009818 0.000000 -0.044771 0.998991 -0.003576 10.181600 0.009648 0.004012 0.999945 0.131500 0.000000 0.000000 0.000000 1.000000
0.998868 0.046541 -0.009842 0.000000 -0.046567 0.998912 -0.002471 10.181600 0.009716 0.002927 0.999949 0.131500 0.000000 0.000000 0.000000 1.000000
0.998805 0.047882 -0.009800 0.000000 -0.047905 0.998850 -0.002181 10.181600 0.009684 0.002647 0.999950 0.131500 0.000000 0.000000 0.000000 1.000000
0.998783 0.048305 -0.009909 -0.000000 -0.048341 0.998825 -0.003405 10.181600 0.009733 0.003880 0.999945 0.131500 0.000000 0.000000 0.000000 1.000000
0.998815 0.047597 -0.010149 0.000000 -0.047665 0.998842 -0.006513 10.181600 0.009827 0.006990 0.999927 0.131500 0.000000 0.000000 0.000000 1.000000
0.998890 0.045969 -0.010273 -0.000000 -0.046083 0.998876 -0.011097 10.181600 0.009752 0.011558 0.999886 0.131500 0.000000 0.000000 0.000000 1.000000
0.998981 0.043997 -0.010041 -0.000000 -0.044155 0.998895 -0.016092 10.181600 0.009322 0.016519 0.999820 0.131500 0.000000 0.000000 0.000000 1.000000
0.999060 0.042356 -0.009274 -0.000000 -0.042535 0.998893 -0.020108 10.181600 0.008412 0.020484 0.999755 0.131500 0.000000 0.000000 0.000000 1.000000
0.999109 0.041418 -0.008143 0.000000 -0.041591 0.998885 -0.022341 10.181600 0.007209 0.022660 0.999717 0.131500 0.000000 0.000000 0.000000 1.000000
0.999118 0.041421 -0.006840 0.000000 -0.041562 0.998892 -0.022089 10.181600 0.005918 0.022354 0.999733 0.131500 0.000000 0.000000 0.000000 1.000000
0.999096 0.042153 -0.005583 0.000000 -0.042256 0.998909 -0.019876 10.181600 0.004739 0.020094 0.999787 0.131500 0.000000 0.000000 0.000000 1.000000
0.999046 0.043449 -0.004483 -0.000000 -0.043517 0.998919 -0.016328 10.181600 0.003769 0.016508 0.999857 0.131500 0.000000 0.000000 0.000000 1.000000
0.998976 0.045086 -0.003639 0.000000 -0.045128 0.998903 -0.012463 10.181600 0.003073 0.012614 0.999916 0.131500 0.000000 0.000000 0.000000 1.000000
0.998896 0.046875 -0.003166 0.000000 -0.046902 0.998859 -0.009024 10.181600 0.002739 0.009163 0.999954 0.131500 0.000000 0.000000 0.000000 1.000000
0.998812 0.048621 -0.003302 -0.000000 -0.048642 0.998795 -0.006569 10.181600 0.002979 0.006722 0.999973 0.131500 0.000000 0.000000 0.000000 1.000000
0.998737 0.050091 -0.004033 0.000000 -0.050111 0.998731 -0.005071 10.181600 0.003774 0.005266 0.999979 0.131500 0.000000 0.000000 0.000000 1.000000
0.998691 0.050883 -0.005287 0.000000 -0.050908 0.998693 -0.004638 10.181600 0.005045 0.004901 0.999975 0.131500 0.000000 0.000000 0.000000 1.000000
0.998689 0.050755 -0.006665 0.000000 -0.050790 0.998696 -0.005129 10.181600 0.006396 0.005460 0.999965 0.131500 0.000000 0.000000 0.000000 1.000000
0.998744 0.049477 -0.007843 0.000000 -0.049530 0.998750 -0.006678 10.181600 0.007503 0.007059 0.999947 0.131500 0.000000 0.000000 0.000000 1.000000
0.998851 0.047135 -0.008654 0.000000 -0.047215 0.998842 -0.009276 10.181600 0.008207 0.009674 0.999920 0.131500 0.000000 0.000000 0.000000 1.000000
0.998987 0.044078 -0.009110 0.000000 -0.044192 0.998942 -0.012703 10.181600 0.008540 0.013093 0.999878 0.131500 0.000000 0.000000 0.000000 1.000000
0.999125 0.040813 -0.009191 0.000000 -0.040960 0.999024 -0.016512 10.181600 0.008509 0.016874 0.999821 0.131500 0.000000 0.000000 0.000000 1.000000
0.999246 0.037800 -0.008877 0.000000 -0.037972 0.999077 -0.020065 10.181600 0.008110 0.020387 0.999759 0.131500 0.000000 0.000000 0.000000 1.000000
0.999343 0.035333 -0.008013 0.000000 -0.035506 0.999114 -0.022582 10.181600 0.007208 0.022852 0.999713 0.131500 0.000000 0.000000 0.000000 1.000000
0.999448 0.032577 -0.006451 0.000000 -0.032714 0.999214 -0.022396 10.181600 0.005716 0.022595 0.999728 0.131500 0.000000 0.000000 0.000000 1.000000
0.999533 0.030146 -0.004968 -0.000000 -0.030240 0.999340 -0.020130 10.181600 0.004358 0.020271 0.999785 0.131500 0.000000 0.000000 0.000000 1.000000
0.999595 0.028166 -0.004143 0.000000 -0.028232 0.999460 -0.016819 10.181600 0.003667 0.016929 0.999850 0.131500 0.000000 0.000000 0.000000 1.000000
0.999638 0.026588 -0.004075 0.000000 -0.026640 0.999559 -0.013083 10.181600 0.003726 0.013187 0.999906 0.131500 0.000000 0.000000 0.000000 1.000000
0.999667 0.025385 -0.004552 0.000000 -0.025427 0.999631 -0.009552 10.181600 0.004308 0.009665 0.999944 0.131500 0.000000 0.000000 0.000000 1.000000
0.999686 0.024498 -0.005246 -0.000000 -0.024532 0.999678 -0.006538 10.181600 0.005084 0.006665 0.999965 0.131500 0.000000 0.000000 0.000000 1.000000</float_array><technique_common><accessor source="#mixamorig_Spine-Matrix-animation-output-transform-array" count="112" stride="16"><param type="float4x4"/></accessor></technique_common></source><source id="mixamorig_Spine-Interpolations"><Name_array id="mixamorig_Spine-Interpolations-array" count="112">
 LINEAR LINEAR LINEAR LINEAR LINEAR LINEAR LINEAR LINEAR LINEAR LINEAR LINEAR
LINEAR LINEAR LINEAR LINEAR LINEAR LINEAR LINEAR LINEAR LINEAR LINEAR LINEAR LINEAR
LINEAR LINEAR LINEAR LINEAR LINEAR LINEAR LINEAR LINEAR LINEAR LINEAR LINEAR LINEAR
LINEAR LINEAR LINEAR LINEAR LINEAR LINEAR LINEAR LINEAR LINEAR LINEAR LINEAR LINEAR
LINEAR LINEAR LINEAR LINEAR LINEAR LINEAR LINEAR LINEAR LINEAR LINEAR LINEAR LINEAR
LINEAR LINEAR LINEAR LINEAR LINEAR LINEAR LINEAR LINEAR LINEAR LINEAR LINEAR LINEAR
LINEAR LINEAR LINEAR LINEAR LINEAR LINEAR LINEAR LINEAR LINEAR LINEAR LINEAR LINEAR
LINEAR LINEAR LINEAR LINEAR LINEAR LINEAR LINEAR LINEAR LINEAR LINEAR LINEAR LINEAR
LINEAR LINEAR LINEAR LINEAR LINEAR LINEAR LINEAR LINEAR LINEAR LINEAR LINEAR LINEAR
